# "description": "attended_births"
# "units": "percentage"
51
99
97
47
100
100
100
99
99
100
98
100
42
99
100
94
77
75
85
100
100
99
100
100
66
60
92
89
65
98
40
20
100
100
99
82
94
100
99
59
100
99
97
100
100
80
98
87
100
98
96
92
98
68
34
99
28
99
100
98
89
57
100
99
71
99
66
45
45
86
49
83
99
81
87
96
91
100
100
99
100
100
100
62
98
99
98
40
98
78
61
100
100
100
44
90
99
96
49
100
90
65
100
96
100
99
99
74
54
60
88
97
56
97
88
40
35
100
99
99
52
100
94
53
96
90
73
100
99
100
100
100
99
100
91
100
99
99
83
93
98
53
100
99
60
100
99
100
86
9
94
19
99
78
90
88
96
90
100
100
29
45
96
100
74
97
100
93
57
100
49
99
100
100
89
100
94
45
63
78
