# "description": "malaria"
# "units": "per 100,000 population"
23.6
0.1
124.0
0.0
0.0
0.8
0.1
293.7
0.1
3.9
0.9
7.9
389.2
126.3
0.2
13.0
264.2
289.5
163.2
0.1
12.3
5.0
173.3
0.0
348.8
1.0
246.0
25.4
0.3
0.1
0.1
215.1
14.5
58.6
232.4
208.8
0.0
266.4
1.4
367.8
89.3
40.7
8.4
2.6
18.6
26.1
0.5
0.0
166.0
0.0
20.9
246.2
104.2
188.8
1.9
448.6
74.2
0.2
297.7
11.8
14.0
3.3
2.9
356.5
380.8
8.6
3.7
122.2
0.0
21.2
0.4
0.8
301.3
17.8
0.1
97.6
302.8
67.0
85.5
3.1
156.0
0.0
36.6
1.7
1.4
0.0
2.7
0.2
345.1
0.0
218.3
113.9
0.0
3.3
68.4
0.3
22.2
173.7
114.2
