# "description": "hepatitis_b_vaccination"
# "units": "percent"
78
98
95
94
64
99
94
94
93
98
96
95
98
94
97
99
98
94
79
99
99
82
95
96
99
92
91
94
93
89
84
55
47
55
97
99
91
80
80
99
92
83
94
96
97
97
96
81
84
98
81
78
93
91
16
95
91
86
99
83
80
97
94
88
88
96
92
74
51
80
95
60
85
87
81
98
56
95
97
93
91
99
98
89
87
99
97
89
94
81
93
52
94
94
99
69
88
99
99
68
95
85
73
97
82
78
99
99
82
99
80
75
92
91
91
94
92
98
65
56
99
99
72
90
73
62
93
90
60
96
98
99
98
88
90
97
98
94
99
98
59
75
96
98
89
94
98
86
96
96
98
42
71
31
97
99
93
89
98
53
41
96
99
92
76
88
82
90
98
96
99
96
78
22
94
98
92
95
99
64
87
97
69
90
87
