# "description": "new_hiv_infections"
# "units": "per 1000 uninfected population"
0.1
0.0
1.9
0.2
0.3
0.1
0.2
2.3
0.0
1.2
1.1
0.8
0.7
0.2
9.4
0.4
0.5
0.2
0.6
0.1
3.6
2.4
1.0
0.2
0.4
0.2
1.9
0.5
0.3
1.1
0.4
0.1
0.0
0.1
0.2
0.2
1.4
1.2
0.5
0.8
0.2
0.4
1.2
0.9
0.2
0.1
0.1
0.5
0.1
0.2
1.1
0.4
3.5
0.3
0.5
0.1
18.8
0.6
0.5
3.8
0.3
1.1
0.3
0.4
0.2
0.0
0.1
7.1
0.4
6.8
0.1
0.2
0.2
0.2
0.5
0.5
0.3
0.2
0.1
0.6
1.4
0.1
0.7
0.5
14.4
0.1
0.1
0.6
23.6
0.3
0.2
1.2
0.5
0.0
5.1
0.7
2.1
0.3
0.0
0.3
0.3
0.1
8.6
8.8
