# "description": "population"
# "units": "thousands"
32527
2897
39667
70
25022
92
43417
3018
23969
8545
9754
388
1377
160996
284
9496
11299
359
10880
775
10725
3810
2262
207848
423
7150
18106
11179
521
15578
23344
35940
4900
14037
17948
1383925
48229
788
4620
21
4808
22702
4240
11390
1165
10543
25155
77267
5669
888
73
10528
16144
91508
6127
845
5228
1313
99391
892
5503
64395
1725
1991
4000
80689
27410
10955
107
16343
12609
1844
767
10711
8075
9855
329
1311051
257564
79109
36423
4688
8064
59798
2793
126573
7595
17625
46050
112
3892
5940
6802
1971
5851
2135
4503
6278
2878
567
24235
17215
30331
364
17600
419
53
4068
1273
127017
104
38
2959
626
34378
27978
53897
2459
10
28514
16925
4529
6082
19899
182202
2
5211
4491
188925
21
3929
7619
6639
31377
100699
38612
10350
2235
50293
4069
19511
143457
11610
56
185
109
193
32
190
31540
15129
8851
96
6453
5604
5426
2068
584
10787
54490
12340
46122
20715
40235
543
1287
9779
8299
18502
8482
67959
2078
1185
7305
106
1360
11254
78666
5374
10
39032
44824
9157
64716
53470
321774
3432
29893
265
31108
93448
26832
16212
15603
