35
53
42
44
39
36
36
31
26
27
45
36
27
35
30
39
30
21
56
41
28
38
26
39
46
13
34
39
31
1
30
37
38
33
30
40
51
29
29
37
46
37
54
30
25
26
41
41
27
35
35
25
34
35
33
31
43
59
31
41
34
37
31
37
38
44
41
41
32
40
23
42
33
47
52
35
38
23
45
48
32
38
25
36
39
25
33
35
49
38
30
44
55
31
32
29
42
28
49
32
42
33
29
28
70
33
34
33
27
38
46
45
36
39
31
16
48
24
25
42
23
48
49
38
69
37
34
30
29
59
25
48
34
41
41
36
20
49
45
64
27
39
28
46
24
34
26
35
31
52
34
41
38
39
39
56
49
41
31
32
37
36
57
32
44
40
33
32
38
17
35
37
38
27
38
26
40
36
40
21
38
29
31
34
40
29
34
39
43
30
57
36
29
23
24
49
82
37
52
45
42
39
57
30
49
25
28
51
44
37
41
37
48
26
31
42
31
23
42
31
47
39
33
42
28
35
34
35
38
71
30
29
24
54
30
27
35
25
53
41
38
44
31
30
58
40
57
31
33
49
66
35
25
21
33
35
26
54
46
49
69
37
38
43
47
48
31
29
34
45
41
20
12
11
78
31
58
47
67
29
34
40
43
45
29
24
23
50
39
46
35
35
47
30
32
37
25
37
40
41
31
57
30
39
64
48
43
41
40
34
54
34
28
55
31
43
34
32
48
22
33
39
32
37
30
40
43
39
38
37
42
60
29
29
32
42
38
37
48
29
42
50
64
56
22
35
45
30
40
39
26
41
40
31
50
41
43
27
28
36
43
35
26
32
31
26
53
44
39
26
26
39
23
29
33
29
24
23
26
33
40
33
39
37
24
39
42
55
52
43
36
45
39
35
42
30
48
24
36
49
44
45
37
30
46
44
34
40
34
40
37
29
56
36
36
45
38
24
27
44
43
32
33
33
34
53
56
32
34
36
3
24
27
34
52
32
59
39
43
40
27
41
50
37
29
30
32
38
40
31
28
27
38
37
35
43
41
27
37
24
32
32
38
34
42
36
58
45
34
34
35
36
33
69
49
33
33
28
37
27
27
47
26
27
70
38
41
50
37
35
20
52
30
34
25
24
32
41
29
36
36
42
41
35
51
38
52
31
36
63
35
33
34
25
30
37
37
43
53
45
40
50
39
33
30
35
38
31
30
31
24
35
40
44
40
53
39
27
33
23
48
43
29
29
41
34
65
48
43
65
47
31
50
38
44
43
39
45
38
41
41
40
26
28
38
40
21
46
42
31
42
41
34
36
27
50
5
45
25
68
42
41
30
22
49
41
34
32
29
41
31
39
52
61
45
41
37
28
35
67
47
35
27
39
44
24
28
24
39
37
40
25
37
32
29
39
44
38
24
41
23
34
32
28
34
40
41
31
31
47
54
25
30
66
39
39
65
45
28
39
33
27
42
29
37
18
30
30
48
42
40
24
37
53
30
25
50
39
29
20
74
47
52
26
43
46
55
33
33
51
27
22
30
30
31
30
30
38
25
39
49
58
49
29
44
23
28
44
29
31
40
37
56
33
32
24
34
53
24
24
35
38
29
52
33
22
38
31
55
32
31
32
27
26
44
30
51
44
29
26
32
29
43
41
36
25
49
29
33
38
62
47
23
30
45
23
33
37
47
42
36
55
51
56
38
32
42
27
38
61
26
38
38
28
38
37
52
27
29
18
48
30
31
5
45
40
46
32
34
43
50
43
23
44
36
42
41
28
38
45
25
26
38
26
37
32
26
34
53
35
40
36
39
34
42
42
39
51
38
24
34
41
30
39
26
39
38
38
29
63
45
39
24
30
33
27
38
42
30
40
42
28
41
29
67
26
31
38
34
34
33
36
36
35
32
33
64
51
48
41
27
46
23
44
37
27
48
30
28
45
35
33
25
47
40
48
31
33
41
36
37
24
34
24
43
57
51
41
38
39
43
36
42
46
36
27
39
39
43
41
48
32
50
33
40
27
28
49
35
37
47
43
39
44
29
35
36
29
24
49
40
34
28
32
37
33
41
34
24
26
30
34
24
42
34
45
39
37
42
29
31
39
24
30
32
45
28
25
36
33
47
46
5
3
15
53
32
33
40
35
45
50
36
47
49
43
27
45
30
43
30
31
37
50
35
35
33
54
26
25
25
33
46
25
37
47
39
32
29
44
42
29
43
40
26
40
28
66
46
38
29
40
28
43
26
33
35
39
31
32
47
37
58
32
32
43
32
38
27
28
26
41
43
31
33
38
34
44
37
44
38
35
39
25
65
69
30
29
33
44
51
38
32
44
33
38
43
44
31
30
55
35
47
33
43
37
39
44
48
55
38
27
36
56
35
34
36
31
37
44
52
49
15
30
39
58
41
32
28
49
44
36
46
30
27
26
44
41
37
39
43
21
32
39
49
27
44
29
42
29
43
29
33
47
33
47
43
30
32
52
37
40
45
39
30
31
26
47
40
39
29
29
60
27
22
31
43
33
28
31
31
27
41
50
34
37
31
42
42
28
50
46
43
32
39
32
43
36
33
43
25
36
25
29
41
43
29
52
44
28
50
20
31
27
29
31
27
57
42
69
44
46
34
46
53
51
43
40
39
39
31
53
36
43
35
52
44
41
32
31
26
38
42
30
49
29
46
27
41
30
51
36
58
40
28
31
36
39
47
26
49
33
37
33
47
56
36
27
45
41
27
32
32
28
47
28
38
49
55
30
23
43
39
33
43
24
46
26
34
28
26
42
50
42
29
32
27
40
28
39
35
35
30
51
28
46
32
29
27
33
37
44
41
41
44
31
43
38
39
30
42
43
32
33
67
30
29
32
36
43
28
49
28
54
55
32
40
46
31
30
42
32
25
16
56
29
62
14
28
30
43
30
47
37
29
33
24
39
35
66
43
31
30
38
37
42
48
22
42
44
27
29
35
39
45
41
32
39
24
39
29
30
52
30
42
32
33
48
25
26
31
47
47
35
37
45
34
35
58
47
36
26
53
27
28
46
35
38
46
52
47
38
43
45
50
34
43
39
49
44
43
35
39
27
34
27
66
46
52
25
30
34
32
34
34
36
18
25
36
38
45
21
62
32
34
27
54
53
25
33
45
57
25
26
36
51
30
35
52
27
42
37
41
34
56
56
52
27
38
43
30
39
33
41
66
31
34
55
78
25
33
36
33
37
41
36
40
45
37
57
28
32
33
26
32
30
37
37
44
26
20
26
48
25
33
45
35
36
32
27
33
27
26
27
43
26
29
45
53
38
38
41
45
37
33
41
37
40
40
36
31
46
30
40
25
65
28
37
52
55
32
23
46
46
64
37
27
30
45
27
64
16
35
24
29
44
24
35
39
32
21
25
32
28
41
29
45
41
60
37
51
40
43
34
42
48
27
37
33
29
37
40
34
42
34
39
34
39
31
39
41
32
25
53
36
44
43
42
28
41
29
44
37
33
26
35
36
35
33
43
47
39
29
32
53
56
28
42
45
63
40
28
42
26
26
29
43
44
39
41
42
45
31
56
36
42
30
24
29
29
32
43
22
40
39
47
50
25
35
38
28
27
44
40
39
65
32
30
22
29
51
27
48
40
44
55
31
44
37
55
29
47
33
39
29
30
30
41
44
53
35
28
42
27
43
55
56
30
29
42
36
41
40
45
27
34
40
72
23
26
40
46
45
28
30
31
29
43
46
32
32
43
22
37
26
34
32
41
29
39
34
31
26
56
77
37
73
80
50
36
32
28
54
62
33
69
25
46
35
28
57
40
35
42
24
41
30
43
31
26
42
38
34
31
47
54
28
28
46
35
35
35
29
60
37
42
59
42
34
46
59
28
29
31
44
21
24
43
24
41
42
30
37
29
33
33
49
29
26
30
36
25
35
26
31
73
45
25
42
30
36
48
38
37
50
34
43
33
49
35
28
35
22
44
31
46
40
41
39
24
30
42
38
39
32
63
42
24
41
21
40
31
31
48
48
37
44
30
48
42
47
50
30
44
29
46
31
42
55
30
25
35
41
45
48
35
29
51
0
0
1
30
27
0
45
28
52
42
46
36
32
66
51
41
59
25
35
45
43
22
29
34
50
48
35
3
56
36
25
50
48
38
37
38
50
30
32
47
20
35
21
32
44
39
27
39
73
60
30
31
43
34
26
44
45
30
37
33
51
37
43
30
48
32
46
51
46
47
41
41
31
45
36
36
51
34
32
50
31
28
52
33
37
24
49
41
52
32
37
45
49
29
38
39
70
29
66
24
40
57
24
39
42
47
19
45
42
36
29
36
33
35
34
51
35
30
23
34
46
28
61
25
33
46
35
52
44
32
32
44
47
28
42
42
29
33
29
41
28
26
42
51
50
43
56
29
31
40
49
35
6
42
27
32
24
40
35
35
35
34
28
49
21
25
33
33
36
53
30
31
45
29
25
37
17
36
32
47
35
44
26
43
34
51
25
63
28
63
53
52
47
34
30
40
41
44
57
29
46
27
22
42
12
41
29
61
46
27
40
37
33
23
48
40
41
41
36
49
28
34
36
35
45
57
34
37
32
29
26
35
41
0
35
38
35
40
37
46
31
53
40
51
35
33
36
31
32
35
41
44
28
38
41
38
43
53
37
28
32
29
38
39
53
39
46
23
38
34
34
41
39
55
27
41
43
54
55
26
51
34
29
27
45
38
30
28
32
37
6
29
59
52
33
28
28
34
35
36
38
42
26
45
42
47
40
45
47
30
39
38
32
48
37
30
27
37
50
41
55
37
48
33
34
44
21
9
31
37
34
33
40
25
39
28
45
51
28
37
43
38
47
32
51
43
27
35
29
43
30
58
30
39
37
38
23
32
43
33
33
43
51
28
31
29
52
46
40
38
40
42
38
24
34
32
34
39
61
25
23
33
47
24
41
62
39
41
26
33
59
26
43
45
39
66
37
32
29
48
25
30
26
33
44
28
29
24
25
38
55
40
25
31
41
33
25
45
31
48
47
39
38
29
37
39
36
56
38
37
28
43
39
49
28
36
35
26
28
45
32
36
25
40
41
66
34
35
50
24
22
25
39
25
36
33
62
34
34
39
25
37
36
35
39
37
35
48
48
33
37
32
23
38
25
43
31
31
53
25
42
32
47
35
48
41
25
40
33
12
28
49
27
31
38
25
39
28
36
36
40
41
37
28
32
33
34
35
57
33
34
19
35
38
38
41
26
34
51
26
29
31
31
29
33
31
34
44
40
26
46
39
25
49
31
25
42
34
28
34
56
51
37
30
25
44
36
32
25
33
37
43
45
35
41
30
32
27
33
32
26
69
32
37
55
37
29
43
38
39
37
29
32
39
45
34
32
33
38
47
30
22
35
34
36
30
30
35
44
50
36
39
37
33
36
56
41
31
33
23
47
28
46
41
26
40
35
42
35
26
40
28
32
36
35
39
40
38
28
47
39
57
35
27
33
32
48
43
37
30
48
28
50
35
39
37
29
28
58
33
34
49
44
32
36
31
42
58
45
26
25
48
40
38
40
37
30
38
34
42
43
39
35
38
23
40
36
33
50
45
40
30
39
25
39
28
31
30
26
45
53
49
36
29
36
58
39
40
30
37
62
25
39
14
17
50
49
35
28
31
42
46
27
36
28
25
27
40
34
35
33
33
30
32
33
25
43
28
37
45
42
48
26
37
38
24
26
15
30
31
33
31
24
32
12
29
54
29
44
33
43
38
52
47
41
45
41
48
29
35
35
26
40
37
39
33
40
41
29
54
37
30
46
42
44
47
36
32
41
30
46
48
29
43
41
46
27
28
31
26
48
30
40
35
43
29
43
30
42
36
28
41
41
25
29
26
49
41
46
34
45
26
34
37
30
58
42
35
36
27
27
45
43
28
30
34
52
56
31
43
57
60
26
60
46
45
1
27
35
41
30
31
28
30
36
35
57
45
46
36
51
42
27
40
32
49
27
29
24
27
46
33
35
27
36
40
32
28
36
42
44
34
34
35
29
33
47
36
32
24
44
50
34
26
46
34
27
49
46
39
26
46
41
35
46
55
42
38
43
34
51
43
45
40
32
38
41
59
39
49
27
44
43
39
26
38
46
64
40
46
29
27
39
42
44
42
37
59
37
36
29
45
52
22
31
66
41
61
47
24
44
52
29
38
38
22
36
26
58
47
35
28
26
42
39
39
43
23
39
38
27
38
27
32
26
36
31
28
34
31
36
35
50
36
31
26
40
25
22
32
38
48
39
56
36
30
43
50
38
47
31
47
52
37
40
29
40
41
41
43
49
25
49
39
38
46
60
34
56
39
32
27
25
45
49
33
23
46
51
27
37
28
38
32
45
33
53
26
57
41
32
39
12
23
31
32
43
30
34
37
50
33
41
25
44
45
35
41
45
37
41
42
25
48
51
39
34
37
39
27
46
34
49
55
37
