1.380211
1.334454
1.540329
1.523746
1.558709
1.457882
1.359835
1.432969
1.217484
1.276462
1.176091
1.276462
1.33646
1.30963
1.260071
1.298853
1.363612
1.243038
1.305351
1.260071
1.133539
1.292256
1.181844
1.161368
1.193125
1.143015
1.220108
1.170262
1.264818
1.322219
1.103804
1.161368
1.120574
1.117271
1.130334
1.276462
1.30103
1.322219
1.392697
1.488551
1.542825
1.424882
1.403121
1.392697
1.326336
1.285557
1.30103
1.220108
1.158362
1.287802
1.294466
1.311754
1.39794
1.369216
1.276462
1.549003
1.392697
1.499687
1.367356
1.292256
1.271842
1.20412
1.346353
1.39794
1.518514
1.371068
1.287802
1.342423
1.240549
1.320146
1.383815
1.33646
1.357935
1.369216
1.382017
1.330414
1.30103
1.318063
1.326336
1.307496
1.447158
1.378398
1.394452
1.359835
1.378398
1.424882
1.352183
1.346353
1.372912
1.457882
1.354108
1.342423
1.359835
1.39794
1.313867
1.453318
1.330414
1.587711
1.641474
1.521138
1.439333
1.423246
1.269513
1.285557
1.303196
1.290035
1.290035
1.30963
1.296665
1.287802
1.33646
1.357935
1.274158
1.271842
1.267172
1.262451
1.326336
1.283301
1.30963
1.285557
1.342423
1.307496
1.311754
1.238046
1.274158
1.330414
1.1959
1.209515
1.255273
1.155336
1.283301
1.292256
1.361728
1.264818
1.193125
1.257679
1.240549
1.232996
1.123852
1.25042
1.146128
1.158362
1.127105
1.193125
1.071882
1.139879
1.193125
1.164353
1.25042
1.187521
1.332438
1.292256
1.184691
1.287802
1.230449
1.193125
1.117271
1.61595
1.385606
1.367356
1.431364
1.69897
1.69897
1.69897
1.356026
1.39794
1.69897
1.376577
1.376577
1.348305
1.240549
1.281033
1.363612
1.372912
1.354108
1.468347
1.365488
1.390935
1.475671
1.570543
1.599883
1.558709
1.578639
1.511883
1.421604
1.471292
1.69897
1.50515
1.474216
1.542825
1.568202
1.4843
1.561101
1.49276
1.463893
1.69897
1.522444
1.481443
1.539076
1.542825
1.517196
1.382017
1.62634
1.685742
1.69897
1.354108
1.38739
1.352183
1.38739
1.30103
1.33646
1.285557
1.350248
1.448706
1.374748
1.39794
1.367356
1.457882
1.332438
1.361728
1.426511
1.33646
1.439333
1.478566
1.651278
1.69897
1.575188
1.499687
1.669317
1.498311
1.385606
1.501059
1.620136
1.683947
1.462398
1.380211
1.399674
1.498311
1.374748
1.367356
1.342423
1.303196
1.346353
1.374748
1.245513
1.267172
1.385606
1.311754
1.389166
1.418301
1.38739
1.394452
1.471292
1.631444
1.340444
1.320146
1.643453
1.69897
1.556303
1.478566
1.528917
1.634477
1.68842
1.491362
1.562293
1.357935
1.487138
1.69897
1.638489
1.31597
1.324282
1.401401
1.38739
1.546543
1.510545
1.50515
1.521138
1.519828
1.463893
1.545307
1.657056
1.549003
1.662758
1.69897
1.507856
1.342423
1.303196
1.365488
1.348305
1.394452
1.454845
1.571709
1.445604
1.378398
1.33646
1.456366
1.432969
1.307496
1.352183
1.462398
1.394452
1.342423
1.421604
1.519828
1.557507
1.453318
1.523746
1.450249
1.357935
1.307496
1.206826
1.344392
1.287802
1.334454
1.376577
1.209515
1.25042
1.296665
1.363612
1.322219
1.376577
1.363612
1.30963
1.267172
1.39794
1.390935
1.361728
1.346353
1.285557
1.354108
1.296665
1.232996
1.287802
1.346353
1.31597
1.324282
1.290035
1.267172
1.313867
1.278754
1.271842
1.514548
1.217484
1.378398
1.494155
1.243038
1.235528
1.363612
1.389166
1.424882
1.359835
1.382017
1.269513
1.478566
1.260071
1.313867
1.25042
1.33646
1.356026
1.354108
1.39794
1.298853
1.318063
1.225309
1.340444
1.439333
1.340444
1.363612
1.69897
1.69897
1.69897
1.69897
1.69897
1.139879
1.139879
1.176091
1.143015
1.123852
1.117271
1.0086
1.017033
1.037426
1.053078
1.089905
0.9444827
0.8573325
1.021189
0.8692317
1.0086
1.060698
1.178977
1.365488
0.9867717
1.139879
1.103804
1.117271
1.09691
0.9294189
0.69897
0.7993405
0.748188
0.8573325
1.082785
0.9190781
0.9294189
0.69897
1.075547
1.445604
1.235528
1.439333
1.176091
1.235528
1.252853
1.212188
0.845098
0.8573325
0.8750613
1.017033
0.9444827
0.9242793
1.222716
1.152288
1.318063
1.127105
1.068186
0.9190781
1.0086
1.037426
1.041393
0.9777236
1.161368
1.149219
1.206826
1.155336
1.068186
1.127105
0.9822712
0.9395193
0.9242793
1.10721
1.021189
1.232996
1.264818
1.187521
1.033424
1.071882
1.173186
1.100371
1.149219
1.113943
1.127105
1.181844
1.206826
1.25042
1.173186
1.149219
1.103804
1.130334
1.173186
1.30103
1.214844
1.247973
1.290035
1.305351
1.330414
1.298853
1.278754
1.281033
1.281033
1.303196
1.298853
1.292256
1.365488
1.474216
1.139879
1.123852
1.222716
1.079181
1.164353
1.330414
1.361728
1.374748
1.39794
1.338456
1.313867
1.326336
1.281033
1.313867
1.181844
0.845098
0.908485
1.133539
1.303196
1.338456
1.389166
1.363612
1.294466
1.262451
1.326336
1.243038
1.225309
1.350248
1.313867
1.378398
1.342423
1.075547
