-2.199283
-1.563678
-1.563996
-1.489857
-1.160836
-1.525056
-1.054088
-0.8399819
-0.6752238
-0.7694489
-0.6480299
-0.930073
-1.02789
-0.2008249
-0.1952066
-0.2024624
0.02281177
-0.1055732
-0.09544133
-0.139183
0.09753148
-0.06954002
0.09077636
-0.005054082
-0.1247882
-0.07544161
-0.1726889
-0.01964661
-0.1118261
0.00106272
0.05338964
0.1318495
0.1423863
0.06134691
0.2075859
-1.192668
-1.011263
-1.096151
-0.7568379
-1.558619
-1.47379
-0.8946942
-0.8492436
-0.7976207
-0.9111908
-0.7659385
-0.7250113
-0.6396528
-0.5953886
-0.6580316
-1.05193
-1.362811
-1.270835
-1.302683
-1.866461
-1.882397
-1.687188
-1.844057
-0.8112121
-0.9859838
-0.825882
-0.7652044
-0.9575426
-0.8979095
-1.709743
-1.445632
-1.358625
-1.237396
-0.8679325
-0.8922475
-1.054236
-0.7992589
-1.037915
-0.7090977
-1.102593
-1.021728
-0.9934056
-1.060131
-1.248259
-1.076393
-1.385841
-1.35047
-1.436638
-1.449649
-1.295935
-1.241467
-1.285
-1.145633
-1.247184
-1.27556
-1.329383
-1.405386
-1.376441
-1.541362
-1.367138
-0.9134978
-0.9391511
-0.9178252
-1.086875
-1.163676
-0.8278059
-0.9418778
-0.6406199
-0.6744638
-0.8551146
-0.877391
-0.7664962
-0.8821655
-0.8927222
-0.5790052
-0.9668578
-0.9963672
-0.9090721
-0.6534123
-0.8467646
-0.7661412
-0.8808101
-0.8210806
-0.8841233
-0.8393514
-1.161214
-1.144784
-1.031564
-0.8228099
-1.006608
-0.7720619
-0.4118964
-0.5864488
-0.4875424
-0.05490087
-0.4684444
0.0766186
-0.2291112
-0.481723
-0.01047454
-0.2535371
-0.4912818
-0.4530504
-0.6024076
-0.2639862
-0.5362563
0.2118251
0.5212754
0.6125084
0.4440042
0.3764565
0.3334574
0.3744954
0.3675404
0.4367937
0.2192177
0.1750245
0.05176204
0.3322728
0.1504033
0.5483906
0.3885772
0.08763237
0.1280243
0.153821
0.1049853
0.1653512
0.2633449
0.1815635
0.3507053
0.4659774
0.3032371
0.2553401
0.3618034
0.3890828
0.08185837
0.3643446
-0.856548
-1.037252
-1.073298
-1.176265
-1.153539
-1.2656
-1.177701
-1.238072
-1.181246
-1.161907
-1.040815
-0.9996527
-1.080504
-1.21846
-1.251657
-1.103749
-0.9003539
-1.077275
-1.042488
-1.160459
-1.062282
-1.660151
-1.841939
-1.859806
-1.396747
-1.331055
-1.423889
-1.501689
-1.750068
-1.462811
-1.662142
-1.454693
-1.69702
-0.865122
-0.6388579
-0.5986167
-0.8668764
-0.3608025
-0.7583041
-0.4250663
-0.6631602
-0.8522619
-0.5382764
-0.7032909
-1.341035
-1.154096
-0.9558916
-0.9421438
-0.4460078
-0.3896486
-0.2051218
-0.2113368
-0.5012347
-0.2782471
-0.4177775
-0.3847024
-0.5255069
-0.3547939
-0.2700257
-0.3344565
-0.2401132
-0.4795558
-0.3488092
-0.4808942
-0.2835125
-0.2908743
-1.083862
-1.033764
-0.9458084
-0.9742028
-0.9875846
-0.8942514
-0.6859642
-0.7182169
-0.4687383
-0.7064828
-0.7841246
-0.719581
-0.8529423
-0.6694036
-1.085075
-0.4330443
-1.317043
-1.450016
-1.813044
-0.2135751
-0.1781525
-0.1826661
-0.2675178
-0.2723612
-0.2838797
-0.0834092
-0.259582
-0.1182617
-0.1047432
-0.2378168
-0.2672043
-1.042632
-0.5240965
-0.7901902
-0.9408154
-0.6538818
-1.248413
-1.017548
-0.9800948
-1.212752
-1.098106
-0.6769955
-1.44636
-1.431212
-1.21261
-1.823619
-2.042872
-1.960189
-1.706637
-1.412177
-1.338187
-1.366835
-1.455684
-1.103143
-1.441892
-1.082757
-1.086239
-0.8883343
-1.269864
-0.8506885
-1.189364
-1.254847
-1.354873
-1.451365
-1.033108
-1
-1.258454
-1.261299
-1.124765
-1.306977
-0.3071707
-0.4566771
0.4208597
-0.1021476
-0.5822129
-0.5696347
-0.4327383
-0.5959193
-0.4972043
-0.6104441
-0.3957523
-0.3228769
-0.775726
-0.7409081
-0.4545197
-0.546804
-0.467131
-0.7170156
-0.5178842
-0.6179289
-1.179339
-1.172372
-1.342562
-1.299037
-1.460171
-1.29388
-1.427361
-1.402195
-1.465086
-1.516984
-1.480697
-1.259874
-1.211054
-1.885723
-1.602408
-1.594654
-1.515843
-1.506821
-1.210278
-1.728158
-1.823619
-1.537752
-1.206838
-1.099633
-1.140022
-1.767258
-1.366431
-0.9722835
0.9534195
0.5854269
0.7161511
0.6295431
0.6572395
0.5839737
0.5656377
0.6255583
0.5408648
0.6585713
0.5678436
1.131047
0.6900383
0.7535815
0.8154954
0.9653099
0.9173611
1.04564
1.267129
1.292458
1.184351
0.9922658
1.373798
1.252044
1.949274
1.200697
0.9631747
0.9026816
1.30287
1.225614
1.387279
1.354053
1.156358
0.9112503
0.8427434
0.723706
1.06363
0.9367529
1.1258
0.9403546
0.7687897
0.8849097
1.583786
0.9963606
1.39874
1.153394
0.9820771
1.394481
1.618354
1.832003
1.31631
1.077408
0.86946
1.159516
1.708725
1.147698
1.274412
1.457213
1.660354
1.257309
1.034797
1.41398
1.866489
1.072334
1.04483
0.8464973
1.080922
0.848215
0.9440936
1.200311
1.088037
1.575902
0.8672972
0.9702953
0.9290166
1.002697
0.8091589
0.7467175
1.143433
1.04768
1.158989
1.181192
1.136026
0.9726947
1.34343
0.987853
0.7533049
0.9985444
1.107288
1.028238
0.7985174
0.996724
0.9698393
0.8765648
0.8272219
0.7356899
0.7067323
0.9163534
0.9783463
0.6769102
0.6692081
0.9138446
0.8894266
0.8325836
0.6823374
0.5673922
0.8231428
0.7650088
0.8942784
0.5001816
0.5769147
0.6456462
1.192448
1.116445
0.6383684
0.6062104
0.5525076
0.6671624
0.9061081
0.8057129
0.6876547
1.176768
1.010003
1.156358
0.7652221
0.7564977
0.7582425
0.4499995
0.3763159
0.5651001
0.7552458
0.6844567
-0.8214259
-0.7366717
-0.6830656
-0.9757607
-0.9534268
-0.7611764
-0.5535094
-0.7471712
-0.5382014
-0.5712499
-0.6213841
-0.749995
-0.6490159
-1.203218
-1.34419
-1.216382
-0.9602291
-1.32413
