1.880814
1.748188
1.612784
1.851258
1.716003
1.447158
1.886491
1.778151
1.690196
1.832509
1.724276
1.80618
1.832509
1.799341
1.146128
1.857332
1.662758
1.857332
1.977724
1.732394
1.94939
1.39794
1.568202
1.633468
1.832509
1.826075
1.934498
1.748188
1.20412
1.623249
1.812913
1.716003
1.763428
1.778151
1.832509
1.875061
1.278754
1.819544
1.748188
1.662758
1.763428
1.869232
1.812913
1.80618
1.431364
1.863323
1.748188
1.799341
1.838849
1.886491
1.90309
1.880814
1.812913
1.78533
1.414973
1.755875
1.653213
1.491362
1.556303
1.662758
1.633468
1.832509
1.755875
1.755875
1.740363
1.763428
1.30103
1.826075
1.643453
1.770852
1.50515
1.919078
1.740363
1.176091
1.763428
1.672098
1.732394
1.740363
1.579784
1.612784
1.748188
1.681241
1.643453
1.845098
1.60206
1.724276
1.812913
1.732394
1.851258
1.690196
1.740363
1.838849
1.919078
1.778151
1.60206
1.886491
1.544068
1.662758
1.531479
1.838849
1.778151
1.924279
1.819544
1.748188
1.875061
1.556303
1.716003
1.763428
1.591065
1.832509
1.851258
1.716003
1.740363
1.819544
1.544068
1.643453
1.857332
1.763428
1.732394
1.518514
1.653213
1.792392
1.857332
1.70757
1.886491
1.633468
1.812913
1.799341
1.778151
1.69897
1.60206
1.826075
1.838849
1.869232
1.690196
1.672098
1.623249
1.732394
1.857332
1.653213
1.826075
1.681241
1.531479
1.643453
1.491362
1.623249
1.380211
1.763428
1.892095
1.792392
1.845098
1.544068
1.78533
1.732394
1.462398
1.80618
1.672098
1.792392
1.50515
1.690196
1.39794
1.690196
1.80618
1.556303
1.763428
1.568202
1.732394
1.78533
1.491362
1.78533
1.778151
1.633468
1.832509
0.60206
1.778151
1.69897
1.30103
1.732394
1.462398
1.748188
1.778151
1.662758
1.623249
1.531479
1.748188
1.079181
1.322219
1.662758
1.690196
1.544068
1.623249
1.672098
1.838849
1.716003
1.716003
1.477121
1.342423
1.740363
1.414973
1.278754
1.462398
1.60206
1.623249
1.69897
1.612784
