0.8299467
-0.1870866
0.1271048
0.462398
1.082067
0.6848454
0.7126497
0.5078559
1.109916
0.8698182
0.622214
-0.79588
0.587711
0.6848454
0.3838154
1.09899
0.763428
0.8488047
0.7387806
0.8881795
1.14145
0.3692159
0.622214
0.6063814
0.6848454
-0.49485
0.9314579
0.4116197
0.55145
0.5490033
-0.01322827
0.6839471
0.209515
0.8088859
1.166134
0.4116197
0.587711
0.5490033
0.1271048
0.350248
0.587711
0.5490033
1.241048
0.1105897
0.5078559
0.1105897
0.6541765
0.923244
0.2878017
-0.79588
0.4116197
0.1105897
-0.79588
0.209515
0.1105897
0.3222193
-0.49485
-0.09151498
0.05307844
0.7126497
0.209515
0.1367206
-0.6197888
-0.09151498
0.1105897
0.1105897
-0.01322827
0.05307844
0.763428
0.1105897
-0.3187588
0.209515
0.3541084
-0.236572
-0.01322827
0.4116197
-0.09151498
0.5490033
-0.01322827
0.25042
0.2878017
0.1105897
0.5078559
0.1846914
0.1105897
0.209515
0.209515
-0.49485
0.6848454
0.1105897
-0.01322827
0.4857214
0.5490033
0.209515
0.4116197
0.2878017
-0.09151498
0.8881795
-0.01322827
1.109916
0.4116197
0.6117233
-0.19382
-0.01322827
0.5078559
0.209515
0.587711
-0.49485
-0.49485
0.5078559
0.3541084
0.4857214
0.4116197
-0.1870866
0.05307844
-0.09151498
-0.01322827
0.2455127
0.2878017
-0.1870866
-0.01322827
0.7512791
0.9849771
-1
0.7387806
0.3541084
0.6839471
-0.01322827
-0.01322827
0.7126497
-0.09151498
0.462398
0.587711
0.2878017
-0.79588
-0.19382
0.3541084
0.161368
0.683047
0.1105897
0.897077
-0.09151498
0.5490033
0.1105897
-0.19382
0.5078559
0.161368
-0.3187588
0.2878017
-0.79588
-0.79588
0.1105897
0.2878017
0.5490033
-0.09151498
-0.1870866
0.8506462
-0.79588
0.209515
0.209515
0.1105897
0.7867514
-0.3187588
-0.19382
0.5078559
0.2878017
0.4116197
0.4116197
-0.09151498
-0.09151498
0.5078559
-0.49485
0.5078559
0.4377506
0.6848454
0.209515
-0.1870866
0.161368
-0.1870866
0.1105897
0.209515
0.5490033
0.5078559
-0.1870866
0.01283722
0.8506462
0.1105897
-0.1870866
0.25042
1.087781
0.906335
-0.09151498
0.3222193
0.587711
-0.1870866
0.2878017
-0.1870866
0.3222193
0.2878017
0.05307844
0.8488047
0.7867514
-0.3187588
0.3541084
0.462398
