68
70
82
76
60
76
58
50
80
78
40
78
60
62
66
76
60
94
68
62
70
66
86
64
68
84
58
65
72
74
60
66
66
64
80
82
80
48
86
66
90
68
60
64
68
60
74
76
72
76
74
66
78
66
70
88
74
38
48
106
84
64
76
62
60
80
70
54
66
94
84
74
68
70
88
82
58
68
62
78
64
72
78
70
76
68
70
76
64
60
75
78
78
54
72
82
76
76
50
84
82
62
80
82
62
72
64
70
74
74
110
72
66
76
78
84
82
60
74
80
56
72
70
70
82
86
52
56
80
68
92
95
66
58
68
80
72
68
70
88
74
90
70
62
70
78
56
60
80
55
74
78
66
82
64
88
70
82
74
76
78
54
82
60
52
58
90
72
90
68
60
72
68
78
85
70
62
90
80
74
54
85
66
74
70
60
78
62
52
102
64
84
48
68
74
58
68
70
58
62
72
66
66
50
70
72
84
30
88
80
66
75
58
78
60
76
68
72
64
92
110
66
70
80
50
66
66
50
64
74
88
66
85
66
86
72
66
44
78
65
72
68
70
80
78
62
50
90
72
56
58
76
54
60
76
74
30
88
70
64
74
70
60
82
52
64
70
86
82
88
74
72
90
74
80
74
64
72
110
98
76
64
80
68
72
76
60
85
62
68
74
60
66
78
52
70
80
80
68
84
90
64
70
50
76
85
90
70
86
80
64
56
76
70
74
64
86
62
70
60
64
62
88
74
86
56
88
62
62
70
84
58
76
68
68
68
74
50
80
66
90
75
72
64
86
70
72
58
60
70
74
88
46
62
50
76
64
108
74
54
86
82
64
82
60
100
68
62
70
54
74
100
68
64
58
56
70
84
78
68
90
72
84
84
82
64
88
68
64
78
64
82
74
74
68
104
64
78
64
74
64
68
74
72
70
78
56
64
82
70
86
70
88
82
68
62
78
65
90
68
70
72
74
90
72
64
78
72
54
70
88
90
70
60
60
56
80
72
85
90
78
90
76
68
70
68
62
64
68
60
72
58
60
86
44
44
86
84
78
52
72
24
88
60
78
62
82
58
80
74
62
82
70
88
65
78
82
76
74
72
50
84
60
52
58
80
82
70
58
68
106
100
76
64
74
50
90
74
80
46
64
78
62
58
50
78
72
60
86
78
84
88
56
86
72
60
80
44
58
88
84
94
70
78
62
88
88
58
74
76
72
70
