28
33
41
43
25
27
31
16
15
37
35
30
23
7
52
15
8
33
29
17
16
29
19
17
34
21
10
26
43
29
42
25
30
13
45
19
25
18
17
27
34
21
12
19
32
20
40
20
33
43
15
23
32
36
28
11
36
18
32
46
33
27
28
32
27
35
23
21
40
46
41
30
36
32
29
46
17
13
13
17
23
29
31
26
27
22
30
17
22
23
30
40
29
25
12
43
20
18
23
48
28
12
11
31
31
32
39
20
22
41
31
12
32
24
50
27
32
27
50
46
11
30
40
40
26
42
15
21
48
39
49
31
30
40
15
45
17
14
15
60
17
26
27
12
30
41
28
29
33
20
40
34
32
14
35
42
99
18
38
36
23
28
43
32
43
22
46
27
12
19
39
29
28
39
25
33
13
41
37
35
14
33
31
40
44
35
25
30
10
28
18
44
45
22
26
34
49
37
36
26
35
29
23
32
45
19
47
38
41
35
15
26
11
31
33
37
42
47
25
18
24
39
27
11
15
21
42
10
41
27
30
13
27
20
20
33
22
13
26
28
54
25
32
15
40
28
30
51
18
29
28
34
32
23
56
30
42
24
14
37
31
26
25
30
26
35
17
28
42
44
19
41
38
40
34
18
24
42
46
41
39
44
16
20
28
29
22
54
41
30
22
33
15
27
38
39
31
37
28
21
27
24
32
22
35
15
33
33
19
14
35
39
28
32
18
42
37
32
52
24
23
10
15
26
39
17
29
30
31
38
29
33
37
23
19
28
17
10
31
39
33
32
21
32
36
32
19
16
18
13
21
36
19
19
40
36
33
37
25
28
16
48
22
15
37
39
22
18
24
13
29
36
23
14
24
34
31
41
25
49
39
30
23
33
32
29
41
18
46
32
30
25
16
11
8
25
27
63
37
18
13
32
33
22
40
30
13
36
40
38
31
30
37
31
42
41
32
28
30
38
18
15
32
19
32
25
39
31
19
18
34
7
32
18
18
30
37
25
32
23
29
35
27
21
28
30
24
23
40
19
30
31
17
30
47
20
27
40
50
22
45
19
19
32
42
25
39
22
28
26
13
24
27
47
22
40
17
32
12
30
36
35
23
27
35
45
18
27
33
26
23
35
36
39
26
19
24
19
36
21
32
27
36
20
33
39
18
46
30
29
26
37
27
27
23
17
37
20
18
37
33
41
22
39
24
44
39
26
31
48
23
31
