24
55
35
26
23
52
25
24
63
31
33
45
59
44
29
21
21
51
42
21
27
42
34
21
24
32
21
24
33
27
23
22
33
24
29
57
22
22
27
22
58
22
31
21
25
31
28
28
24
22
24
22
45
21
22
28
30
26
26
43
41
21
39
46
27
25
29
24
22
26
29
25
60
23
52
46
23
26
23
62
21
37
49
41
26
25
32
31
21
21
22
38
54
23
28
58
27
23
21
51
46
30
30
27
23
55
24
36
21
32
37
37
31
52
21
59
36
29
24
40
22
24
38
30
58
28
21
23
41
41
32
60
41
25
34
26
28
21
21
31
33
35
27
24
30
27
22
21
26
42
48
33
28
22
26
40
62
21
39
28
34
24
50
28
28
28
21
40
29
24
40
28
41
31
24
37
23
39
41
30
22
41
22
43
40
21
46
38
22
45
23
34
24
26
23
24
43
22
23
46
50
31
21
26
53
51
31
33
27
29
22
60
22
45
33
46
27
56
26
48
54
25
22
22
26
30
42
21
22
32
38
25
27
28
23
27
24
22
36
22
45
26
43
34
42
24
23
31
24
21
37
23
39
22
25
23
26
40
33
30
39
21
22
38
22
34
22
42
23
36
22
47
36
45
27
41
33
36
26
33
31
26
21
32
27
57
25
24
25
32
32
61
26
22
24
31
24
46
23
51
23
21
22
33
29
49
23
34
23
24
21
30
51
24
43
24
38
21
25
29
23
22
37
51
29
26
21
25
28
29
24
25
29
47
25
30
27
25
43
28
43
21
24
30
23
37
46
25
22
22
36
49
22
26
28
29
29
65
30
30
22
25
21
22
22
35
22
25
25
24
35
45
28
21
25
39
25
35
38
28
28
25
22
22
37
28
26
21
21
36
38
43
38
22
36
41
24
25
22
26
23
25
81
48
39
37
21
25
28
22
63
35
29
23
24
21
58
24
42
33
45
25
39
21
28
41
40
46
24
28
53
60
25
21
22
24
23
27
56
25
29
37
53
28
21
25
23
28
42
32
21
22
22
23
25
35
52
45
24
25
34
21
24
21
22
25
27
36
26
50
23
50
21
29
21
24
22
32
28
27
22
42
27
25
22
24
70
40
43
49
47
22
26
22
25
29
43
31
28
22
23
40
38
21
34
31
56
24
42
25
22
24
22
21
42
21
48
26
22
39
46
27
36
28
25
26
37
22
43
63
30
23
