30.2
25.1
35.8
47.9
26.4
35.6
34.3
25.9
32.4
43.3
43.1
30.9
30.1
27.6
41.3
23.2
25.4
36.6
29.3
22.1
20.4
32
29.3
21
37.6
30.8
25.4
42.6
36.1
32.4
43.5
32.5
34.3
31.2
33.7
22.2
25.4
20.4
29.3
38.8
33.7
27.2
27.5
18.2
35.8
33.8
34.1
24.2
33.3
42.9
26.3
32.2
32.4
38.1
34.2
34.5
27.8
23.1
42.1
37.6
35.5
33.2
35.9
32
25
31.6
35.4
30.9
34.3
40.6
39.4
31.6
30.1
39.1
35
46.1
24.2
21.1
22.9
26.5
29.7
31.3
27.6
31.1
35.9
28.7
34.6
23.8
30.8
28.6
32
39.4
35.2
25.2
25.3
39.2
28.4
31.6
30.4
37.6
34.4
29.7
19.3
34.2
32.8
37.7
34.2
27.4
26.2
46.3
28.5
22.1
39.1
28.7
33.2
27.3
34.2
30.9
37.4
37.9
22.5
30.8
41.8
38.1
32
38.4
24.6
25.2
38.9
37.7
36.4
34.2
26.2
34.9
30.9
36.5
25.6
24.8
18.2
46.8
23.4
36.5
36.8
27.2
42.9
46.1
24.2
34.6
33.2
24.4
35.3
34.2
41.3
32
28.6
38.2
34.7
24.7
25.9
31.6
28.4
37.8
32.8
35.4
36.2
27.8
42.1
33.9
28.4
26.5
33.7
36.9
35.9
37
37.4
25.5
24
32
32.8
39.4
26.1
37.4
30.8
39.4
33.1
34.6
36.6
33.6
27.8
32.8
34.9
38.7
40.5
34.1
24.1
25.4
38.5
39.4
33.3
34
33.6
26.6
28.1
31
30.5
25.8
45.8
43.3
39.3
29
23.2
36
24.8
27.6
24
32.9
38.2
37.1
34
22.7
45.4
42
28
19.4
24.2
24.4
34.7
23
41.5
29
32.5
19.6
28.9
32.9
35.1
37.7
25
22.4
29.3
24.6
36.6
38.5
37.1
32
46.7
31.6
28.7
49.7
26.6
28.7
29.5
31.2
30.5
28.2
53.2
33.6
55
34.5
29.7
34.5
38.3
30.8
28.7
39.5
32.5
30.5
27.3
34.3
40.6
50
29
40.9
29.7
37.2
44.2
29.9
29.7
32.7
67.1
32
27.9
34.8
31
27.3
23.9
37.5
27.7
42.8
35.8
30
29
28.8
23.6
34.6
37.2
36.7
45.2
46.2
29.7
35.9
44.1
29.2
33.1
27.1
38.2
30
52.3
35.4
30.1
24.4
33.6
30.1
33.3
32.1
33.6
40
45.6
25.2
40.5
26.5
27.8
25.3
32.4
26
45.6
20.8
36.9
36.6
35.5
28
30.7
31.6
39.7
25.5
30.5
32.9
26.6
29.5
35.9
38.1
26.8
35.7
25.6
35.1
45.5
30.8
23.1
32.7
23.9
25.9
25.9
38.5
28.7
21.8
33.3
36.5
31.2
39.2
34.9
34
27.5
38.4
35.8
25.2
37.2
43.4
20
25.1
24.3
22.3
32.3
43.3
31.6
23.7
27.7
24.7
34.9
35
31.6
42.4
35.7
34.4
42.4
35.7
38.5
26.4
45.3
26
40.6
42.9
34.1
35
30.4
30
24.5
34.3
33.2
59.4
33.6
30.5
21.2
39.9
25.9
20.8
35.3
27.6
21.8
36.8
41.3
33.2
28
35.5
35.2
38.2
42.3
40.7
46.5
36.8
33.5
32.8
28.9
30.1
29.3
25.2
37.2
33.3
37.3
29.7
25.6
31.6
30.3
19.6
25
21.8
29.8
33.3
36.3
32.4
34.9
39.5
32
34.5
43.6
33.1
27.4
31.9
29.9
36.9
46.2
26.9
38.6
29.5
34.7
30.1
35.5
24
33.3
46.8
39.4
28.5
33.6
27.8
27.1
35.8
40
19.5
41.5
32.9
32.5
36.1
20.1
28.2
43.5
37.7
24.7
34.5
27.5
40.9
19.5
27.6
37.8
28.3
33.8
38.7
21.8
34.8
32.5
27.5
34
33.6
35.5
57.3
49.6
44.6
33.2
28.3
30.4
29.9
39.8
34.4
38
29.6
41.2
26.4
33.9
33.8
23.1
35.5
39.1
36.1
32.4
44.5
29
27.4
32
36.6
42.3
30.8
28.5
40.6
30
49.3
36.4
39
26
43.3
36.5
28.4
44
32.9
26.2
30.4
